89198605699
89869018044
89838025699
89856464698
89156932698
89686575699
89856863598
89687174698
89168325699
89156885699
89646808044
89867225699
89097808044
89179565699
89699765699
89666731398
89857728044
89291163598
89107558044
89699263598
89037220268
89867528044
89156316933
89866516933
89179790268
89857730268
89037089155
89169902698
89771181398
89866112698
89109516933
89626823598
89658529155
89067644698
89809701398
89196951398
89109681398
89039779155
89196680268
89197003598
89858341398
89637648044
89637378044
89177160268
89197185698
89166060268
89107735698
89807322698
89108403598
89676985698
89667303598
89838387822
89696292698
89066398933
89637025698
89668673598
89197607822
89168609822
89636415698
89637609822
89179896699
89176657822
89196266699
89166043477
89177835822
89658876699
89199896699
89096105822
89099627822
89689905822
89809582398
89159808933
89291188933
89108967822
89669708933
89169644598
89036360699
89857804598
89291172398
89176914598
89159852398
89696923477
89669524598
89176833477
89158185598
89157733477
89868876822
89868405598
89058658933
89107687699
89177196477
89837974477
89698305598
89868110044
89867144699
89059276822
89097254477
89199810044
89657531699
89857562822
89866707699
89867464699
89067886477
89869127699
89648962822
89689931268
89866666477
89856820044
89106120044
89657646822
89866126477
89038431699
89099420044
89036418699
89697596477
89676881699
89696364699
89069388699
89176188699
89191111699
89837636822
89676357699
89196401268
89158200044
89066216822
89056057699
89177801268
89179708699
89666917699
89856111699
89699888699
89859716822
89261190044
89157068699
89109150044
89648461268
89057826822
89108647699
89667546477
89866747699
89066234477
89581171699
89638978699
89668022822
89038812822
89197951699
89696428699
89636112822
89626172822
89178824477
89176087933
89196207933
89667471268
89157632822
89056914477
89056251699
89639414699
89178824699
89627452699
89261187933
89677144822
89158887698
89056663699
89866207933
89629187933
89666076398
89867973699
89677677698
89866841822
89581177698
89291196398
89107741822
89649386398
89176962699
89178826398
89686919933
89667007933
89666652699
89867942699
89869637698
89069888822
89856717933
89037026398
89106008822
89771117698
89806406398
89176311822
89177689933
89197156398
89638061822
89657046398
89868010933
89158110933
89166828822
89658143699
89809946398
89629777933
89177593699
89626091822
89156078822
89198856398
89868012699
89866740933
89167202699
89177359933
89177159933
89866302699
89867323699
89857484822
89697033699
89291192699
89807491822
89867592699
89159653822
89649563822
89179072699
89251179933
89627096598
89107688268
89059777044
89866288268
89108599044
89857077044
89037139933
89676244933
89197886598
89636130822
89251172699
89157654933
89098332044
89659108268
89697532044
89159907044
89168247044
89109826598
89109543698
89178317044
89638082044
89036866598
89867818268
89866783822
89056082044
89168709044
89866999699
89059189699
89361189044
89156116598
89096746598
89656169044
89859146598
89859448268
89169233822
89647390822
89646748268
89199869044
89179523698
89038969699
89169150822
89108057044
89107240822
89637850822
89097940822
89108213822
89168484933
89628979699
89107952044
89056792044
89196275477
89011188155
89686424933
89198408155
89678345477
89627131933
89056064398
89646908155
89169162933
89668610155
89199297155
89649467155
89361197155
89106881933
89859695477
89108095477
89197727155
89858507155
89097328155
89109726268
89159584398
89668066268
89197938155
89648150155
89199284398
89176816268
89038009268
89859338155
89627156268
89101111933
89809090155
89809581155
89179122933
89168048155
89697790155
89869102933
89668701155
89159294398
89866841155
89867104398
89039941155
89837635477
89676851155
89627092933
89177705477
89179951933
89667604398
89646015477
89067532933
89657540155
89159359268
89167753933
89771199398
89696324398
89156775933
89646725477
89099663933
89196277268
89179921044
89686665398
89866765398
89038275933
89658765933
89581177268
89097165398
89176525933
89837943268
89627498598
89658265933
89627428598
89158925933
89867285933
89011198598
89109619398
89199920477
89169850477
89807183268
89039983933
89677218598
89199282268
89177150477
89066327268
89156217268
89696498598
89037900477
89179645933
89867781044
89679201044
89096701044
89168779398
89159743933
89646602268
89867248598
89657793933
89197323933
89108148598
89198305398
89836023933
89686522268
89689691044
89198493268
89038048598
89648480477
89176305398
89108335398
89867015398
89869453398
89677473268
89057739398
89158475268
89868932477
89868231598
89099949398
89058777598
89866799698
89696171044
89837396698
89159177598
89808210398
89867653398
89869298398
89106374268
89866086698
89687383398
89037287598
89109677598
89011195268
89058683398
89667297598
89179728398
89107367598
89807826698
89696043398
89667228398
89859000398
89167268398
89177401598
89176716698
89108490398
89689347598
89639001598
89037400398
89686772477
89108246698
89866261598
89178991598
89178670398
89166413398
89099557598
89699970398
89666156698
89167224268
89261160398
89168071598
89858614268
89859180398
89867503398
89037822477
89836199598
89628464155
89109424268
89679976044
89179653155
89646865044
89108945044
89068826044
89626420598
89096432598
89807531698
89679286044
89168982598
89058374155
89099866044
89869727398
89629383155
89839937398
89858036044
89676795044
89039267398
89036406044
89698497398
89178237398
89058355044
89069446044
89167950598
89251198477
89686368477
89167881698
89666850598
89867169598
89868091698
89666181698
89808538477
89638291698
89179341698
89659712598
89108004155
89159241698
89107404155
89658878477
89031111698
89856880598
89868092598
89097157398
89157335044
89291180598
89167125044
89868777477
89867693155
89666471698
89158140598
89867640598
89176777477
89291176155
89648145155
89057645155
89011174044
89628463044
89807331477
89581177477
89678563044
89109142155
89179363044
89869109477
89108883044
89166358698
89156047477
89649489477
89866807477
89156589477
89179217477
89689758698
89097250698
89169612155
89809568698
89178491477
89867938698
89637290698
89676478698
89096691477
89099872155
89169734044
89866623044
89809891477
89096322155
89668839477
89198059477
89196315155
89627705155
89628110255
89176725155
89066071477
89168393044
89168876899
89156939477
89159086899
89581185155
89858985155
89856332599
89867387999
89666093044
89669753588
89686455599
89159995599
89858135711
89667795711
89158697999
89067226899
89867450255
89099706899
89066601368
89866336899
89689795599
89159267999
89066190255
89836344599
89011169133
89168690255
89108561368
89251184599
89097061368
89697926899
89686551368
89176513588
89251169133
89869840255
89107704599
89687456899
89157292599
89676080255
89859673588
89066725599
89686615599
89196865588
89676940255
89166645588
89689152599
89869146711
89011117799
89666918899
89667395799
89836884588
89098466711
89066308899
89196845799
89867457799
89657699799
89679126711
89857445799
89166500711
89858180711
89157190711
89168644588
89636580711
89626613488
89868122368
89011169799
89039979799
89687770711
89647370711
89869664711
89066387711
89179348899
89639474711
89869274488
89807015588
89038648899
89058185588
89179587711
89859598711
89869486488
89628607711
89868609999
89038048899
89638044711
89806909999
89068119999
89251174711
89658996488
89056931711
89806864711
89197116799
89198488711
89646006799
89857957711
89199719999
89689662799
89096881711
89859517711
89156084488
89158561711
89856726799
89856746488
89167016488
89869812799
89648801255
89646011711
89869659999
89647481255
89637499999
89808088711
89629316799
89157201711
89677737711
89699146488
89581177711
89808437711
89176671255
89197484711
89656834711
89261171255
89057214488
89291184711
89856624711
89039453711
89627641799
89869086368
89196982711
89166220899
89771176368
89166341799
89156687599
89167352711
89179831799
89176319899
89637276368
89159282711
89866519899
89169267599
89361182711
89636426368
89109294799
89629327899
89627416368
89647660899
89198343711
89581167899
89699961799
89866229899
89636361799
89196093711
89058956368
89637580899
89836850899
89838093711
89698708799
89199310899
89108128799
89057401799
89867393711
89666657599
89106791799
89156523711
89178004799
89677323711
89196988255
89057491799
89807879899
89837020799
89179458799
89107324799
89199572711
89838564899
89687263799
89868264899
89251176588
89109253599
89646519711
89166758255
89159118255
89099943599
89679394899
89838736999
89581194899
89668043599
89291166999
89659543599
89109528255
89198788999
89868923599
89037899711
89638838255
89649146588
89108580799
89657301999
89646829711
89809211999
89866046588
89196521999
89036080799
89158743799
89178513599
89067150799
89839314899
89179133799
89056243799
89198673599
89198970799
89646434899
89108779711
89639439711
89639493599
89168733599
89678084899
89098513799
89668203599
89098693599
89037734899
89627741899
89869541899
89689703599
89836852899
89107487133
89167696255
89677308133
89656931899
89696173599
89099174368
89868374368
89166020133
89169581899
89156081899
89158147133
89156158133
89107428133
89109558133
89056436255
89676728133
89676489255
89176116255
89868761899
89647237133
89059091133
89361161899
89676838133
89099216255
89156611899
89157301899
89109746255
89868269255
89858522899
89858711133
89167148133
89198451899
89699038133
89858112899
89167634368
89866012899
89858841133
89178760133
89699371899
89156235488
89677551899
89198140133
89867760133
89698012899
89837840133
89168585488
89809335488
89836575899
89858445368
89839519368
89859299368
89679763899
89697351899
89058188588
89859030999
89868275368
89199787255
89679332255
89037963899
89639819368
89856920488
89109832255
89178198588
89179155368
89178607255
89869927255
89196027255
89869727255
89866895368
89857209368
89869115899
89291167255
89179017255
89108600488
89159100999
89198178588
89166580999
89059090999
89627470488
89176802255
89096180999
89837757255
89176893899
89647323255
89668738588
89857170488
89178439368
89198993899
89251190999
89108392255
89197940488
89856093255
89156270999
89199292255
89166005368
89648973255
89057080488
89659357255
89261185368
89857325368
89039585368
89039025368
89696960488
89251170999
89859288368
89157054255
89178810368
89646175255
89291199599
89199688368
89859164255
89687108368
89106519599
89108987588
89159906599
89199432488
89581186599
89158967588
89647066599
89689132488
89159607588
89056583368
89156617588
89867162488
89057689599
89687116599
89097646599
89169344255
89159972488
89169929599
89198422488
89196870368
89057501588
89638046599
89059494255
89068941588
89806316599
89156004255
89866213368
89058702488
89859294255
89859022488
89581179599
89097813368
89178614255
89866080368
89627173368
89667604255
89869254133
89157315255
89676714255
89676215255
89857515255
89066321599
89637685255
89771188488
89036614255
89688031599
89179531599
89628708488
89657442588
89656077368
89156053133
89107763133
89836398488
89867463133
89058754999
89867028488
89808020588
89837509588
89198390588
89107489588
89039400588
89058901599
89066617368
89098189588
89581184133
89658030588
89679381599
89677212588
89196511599
89159148488
89098644133
89109691599
89178513133
89869952588
89197260588
89251169588
89858841599
89069834999
89869804999
89868179588
89199104133
89867151599
89109770588
89656334999
89177624133
89689811599
89807794133
89867924133
89157934999
89858659588
89168693133
89036370588
89169424999
89159833133
89109524133
89771173133
89696224133
89107514999
89858045133
89178587488
89838342133
89198888599
89167587488
89096031488
89806633133
89866673999
89099677488
89109808599
89011195133
89856318599
89858636133
89867882133
89858528599
89109266133
89066750599
89698082999
89099783999
89808495133
89107481488
89858830599
89157512133
89856848599
89038769488
89581191488
89057278599
89696491488
89197823999
89839492999
89626992999
89856922133
89157157488
89179741488
89156235133
89158192133
89629512999
89199252133
89107559488
89168732999
89629015133
89159921299
89198005777
89857432611
89868386911
89688788011
89197043577
89168085777
89658821299
89658776911
89656796911